1236031388933074951
56772461
3673789718
4915464449
765234247141515268
71734212
272134624
924049174915698688
186723374
595733626
1010203302699470851
1099487883658899456
485106404
167765862
624569193
351667849
72376384
4868007563
1272051018
2167437547
20478383
4722956294
919041059593834496
412219001
3296885091
1013317628
2414616174
468819789
23601374
2484333765
825752789137645569
2797823210
3005485047
944305090353131522
14967732
1000762782554320901
128051990
1298390389905391617
1377225416
106159855
121963073
17798700
1067167182671552512
3128679300
1223353050418405376
242412733
24251993
271015443
1258496896710012930
1173447625992835072
2551541352
14193269
2305542102
331021613
34173
1585742054474321920
2907068391
19214257
790576734
885761570
4250286388
121230000
2493753559
1238930001824608257
195386367
39047949
997229491234656257
1147850601725878273
857324914612817924
92777064
1182742807682912257
978659557697343488
464880145
1386690116672970752
505977295
362676775
1299464560324358144
1086919884062093312
205371115
52778489
3027642124
949782874584002560
545361108
34237205
21514484
284600618
1242157688735367175
843648749167697920
860399404603158528
2893670915
77087811
1004927923
2421188755
1176857155229683712
492736486
987048554316218368
23101207
2193377580
260423578
1666179902
1358486948298584069
111224533
514350976
2310113910
716681243
762647958915514368
982643403048415232
703044919712153600
1148045230597464069
331797747
92094941
16741490
1165654996517625856
151606599
372814213
1146431907678359552
24728011
3903552859
2557228093
4780292990
1377045136111198208
376642011
2458461151
33401265
1303919049655558144
282841542
52394643
3833279848
113458704
162130863
1888862130
1489707892638990341
4529510065
2291194478
239967240
884749135596965888
425942240
875188490631135232
2444380418
271604818
445945598
1241070437729218566
1324768333489725442
76650710
31257471
816405127217020928
1272517006655455232
454115053
559901990
273562432
316726511
1061450556101849088
1358925051505090567
1351625538633252864
248568868
2163945276
415987085
287469903
2163988671
1335243296344592386
1268371988332019712
29981662
33118483
282418958
147169411
561897860
1124694644695060484
1252313440833679360
959601525910728704
747530220521955328
1240657278098788352
760501956184080385
3664109892
32254958
1154295913
15737968
32408433
16787663
801510906412859406
1296649964517457921
2760489792
817536112046604298
216609343
1161253010955284482
1050731713
1151189399759204352
952744948314624006
1101966271
46473007
1385046120682950658
20766104
2796413167
560480120
4493733027
360751055
1433656153
170145490
56652255
1303067806905315330
593137889
1221200246493020161
834249283159388160
65979116
1591156213
1483276783604666375
1279282201402769409
1052326231977295872
37613848
267754414
1211633593912418304
888671817010880512
807804588
3118354681
2523968747
21443731
852562467565834240
62083378
1298300560207159297
459691338
842876923915243521
341133213
2361775955
207880254
1314586668893118465
848430961
1917947917
46820251
18771345
1046916370242449413
185445826
88149498
1074094650892345344
11814142
3390153225
372092180
27777692
2157486736
992829547669155841
2374724269
170436904
103521190
102575651
114870641
31290877
982897488
201400030
2849451004
966415159
1015709239837450243
619973612
462389607
218610033
1198777371115114497
27201529
411856339
30407081
2790433651
1852514166
2291523144
1651789926
1247293167419953152
59811175
201883668
1265801726122221571
4171358053
468873335
1123883011
872124417568124928
491450469
1183612914869166080
456044761
350483649
128109346
87025017
1085690320833122304
104985445
38336686
1054237171433885696
2427787986
1347306746
2258364240
837019109309153280
1492922942870757386
1250598547
19768692
32018354
1538662919550156800
1236438515015188481
1353383275545255936
922583100424519681
875766777807908866
3223858262
139481553
1108054880139264000
1126223255583567872
293749811
1507928963406045186
17257125
324759468
1100747488091344897
849810793243783169
101247957
1171761451708682244
573460440
20709081
18616085
1305647631654432768
194119756
231898144
731333478
783871837096685568
74232364
1095893349817634818
850580270054989826
255681526
1390694208
1126640302910001154
1029488618954518528
249246983
30085969
82517588
213038000
85583026
3373929974
349721403
102812054
792057112105017345
3254619060
134198093
1143892803879145472
180153513
2847724307
17182152
418061755
304772421
1360345646826483717
1532075556
434990772
717756174024577024
62352768
75133920
2150967887
231921391
222992015
883830769
1056357475400728576
1089287143330103299
105331793
1417831016706740225
22108390
40569386
2831579862
380816062
76136299
39902498
25078888
1071096140
202288425
22287032
848542495055151104
821407923112906752
320434896
1016135685303033856
1039378237137158144
1744434248
228703627
870285258561859585
987520818
2230986575
2413198933
1420070757716140034
182795266
1108033686061092865
1092881505926311936
132638609
1127375679400681472
1143648901
334581625
1651740912
820407371285536769
106835731
153438157
1344692971099156480
748555105
17178422
1364968112
220675376
72343290
1383122418374426630
1180569949540163584
46771120
1249416770533773315
539598328
14977116
2787190075
599127853
191973725
3404470143
81692875
1285239880960954369
4028830463
1450422866
741348363665215488
16168314
336276023
1885158890
287650752
755467232
733021819968589825
89828098
3232904432
224470557
105194764
2962017665
380553844
1122251088558723072
300653132
1002572429661818881
896664000
2278341527
1924741538
3004270247
2467086576
1311423686
1204052539576070146
73577377
15811717
1166363001076813824
1312205214552858625
1220889797868154882
138565941
17104694
752217235196829696
525893577
718501023585665024
112889923
2502631933
2866150536
593826832
1181336456268263424
243031248
335271733
35265641
187539784
278848451
1075878224436056066
1092121763562094594
1422354895
576254681
962503909
498471717
1329463174073114625
478030733
3194793824
2253630404
1880720352
3471667276
937647773977075712
366110326
2570917706
156292723
1065833952
793501665412390912
3013788055
480124865
1266853147840057344
636594585
88957777
23584333
147618633
709520863842820096
1357333281797267458
982468191329763331
481162991
52571138
1125609625628368896
1193901385961607168
939554874928267265
1392348121393471490
280590395
67632355
2561517054
65492831
40633292
1225110567154679808
15602238
15813751
855939360151261184
229538698
2474131915
4730954748
2371740044
115204184
26130034
2409890930
313528238
41696451
1671629618
63272186
1365313155795189762
1549023536
820355293288824832
244296187
30372284
1243225719292997632
1323605118802137088
4840596002
256735205
995673574261211136
714922304
1417107000
159430617
1448904230434054148
3719416635
799498001337253888
789588661
16918503
248966400
1464721163146432515
1104502445948977158
420388152
3380400681
1352729266983559168
432822467
1254534600333942787
18349944
1132450369
1133589896503922688
969317968965521409
3173965504
406738498
914020248
199531539
2737797329
444296213
284897595
40319965
549658858
820850054
4062786255
115872973
1478485422
3669702977
39909343
867357066905751552
1898830050
421646450
43192340
28898561
28980698
1322203134631006211
431432620
518091451
870674690
68793686
3992443099
860665804857147392
143534015
1130483516444037120
24702811
8045782
769723555051364352
920337482440413185
809680191349919744
19888766
283746214
110287914
1888015856
928323803897266177
1282471436909719553
16194371
847087170536005632
158423625
39564108
228902762
762274939
3861941712
3681506175
904949103850917888
1011487470
937227908
160353254
867169796235943936
3307255282
27673541
968955308298170368
228529107
296893138
2912133097
776829113290063877
750187673759789056
1238122806740750337
2649488124
1265730433
40442960
1558255080
1695054182
999248094033100806
42417128
37073431
34109536
1893775957
453856179
75398377
1036803408437633025
765583679200620544
22367832
240318436
1059408968
4827355923
1095474066
791817339461218304
902798011
46333337
1231607606579539969
703400666
113783853
3041039061
239393078
3993356659
2882758884
425537380
1516791984639389709
1944065964
406653473
1294000281638797314
1247342628275916800
1016316932
1344767485044813826
1241399106263810049
235662439
980982756212551680
190227965
466214565
860279431243419648
119876957
1180463143
225708214
3029583232
309361071
849089759083462656
33464588
27505854
915378112413782016
52808901
273928529
16580980
1350272636895457280
2498966412
84617554
2909352416
1099963226
3310555776
2705275129
2905355604
1305604519087177728
3070054643
615701182
222575387
4794531022
224355260
1118739121
473179284
1359929748835741700
2591774766
1275209472
1216425737005256709
1221801252302004226
1402995305340014593
447152734
2984053792
1308471042
3751772893
259348316
776234850
2896738295
872801688503058432
1109669490789240832
1324459142883479553
3126452512
1260639147963940865
2329054350
1535452590
336022785
158275681
33776702
791021603815616514
303773571
938870335709044737
788579240
734845769316962304
2835141777
2784985243
1049159704142905344
245057260
594943119
14872954
1955499901
957789411244064768
135706745
2318861386
3518864172
28730472
1186447776646742016
237920533
4742058162
178205270
1126331396
122370454
862441321
502315618
317537390
177431800
1246775265885388800
809767159
589422888
1272971818002010118
18790746
2393055440
280111036
1214266170561323008
364580994
431753363
721027765298798592
3181886604
471644986
1087501327
220750945
1326183677240487941
3150494706
398265415
1547859307328258052
1241154228661485569
22566088
14908103
37860664
253070680
1106280359417675776
987041103743504386
57691583
844631484
1192066087401246721
53321654
1311065520
858079708382212096
713420473845948417
954508389337493504
268416076
301237796
211329040
754080188
80344952
58394477
1314301003378892801
1202115582
18061160
1129055262
926288114187997185
75364315
1134804864767332355
2897194777
121799030
74179397
117285300
941163039390294016
602771453
1228180151080407040
1188525648626769921
3373663040
129827399
702157624637317120
891026783029559296
370316978
37561652
740911258166296576
65251293
130876181
24026321
64063567
988766670
736307260180332544
1242989329472864256
328771026
995085348
1085576258279350272
38287431
15769846
3504767652
1296150717900652546
463981150
1105076135241633797
15259642
749811882450677760
1582063622649520129
791098505368629249
123088494
273682356
379638112
475818443
18010382
1027923835
1099455690945515521
109922204
202836527
1300652694210781184
2448438361
3104035646
739130401852141569
26089729
14346379
1234575627665145858
1402345175897329668
80648215
523857129
39254717
622674681
499432080
119888835
1175620109530009600
160269871
501076095
1230790187879407617
51265603
219486737
81033665
984639476751200256
1109541294
1272672299477499906
1206494868966715392
224386833
3517019292
1568489900
2611703782
1237188720320589824
221792047
166583739
283719993
957971570
961762146660028423
1160957211369230343
2922950321
91679170
1587262729689395200
326925632
1073251999838363648
2232113605
3430282373
968978119142100993
32856826
2851777162
28650980
1295100956087066624
1268247007090671618
14258389
734280798828933121
20848659
3327165928
41958166
853708534348996609
3359315231
152347754
33939761
1708036363
20017243
22568416
314109491
943294154057977856
371962326
1504617495361118215
1058463087630606336
289864894
4345832596
820308714
26061064
3044079479
233948870
1241377381098688512
211279258
69196802
714963540423999488
1308578261874737152
859814158900088833
624420430
1038587453274288128
783424329149247488
2955618964
90476452
189960909
451128988
2691306949
799865946387152896
1504162416464121856
1563770604
1239717449890697216
538538927
122072693
1107274030099451905
700278426
533475851
2221206031
171755405
111991286
1457592493
49201336
712784340
1268609578859560960
1004932530
3727290258
255643642
17934964
1201360192316702720
600370546
1514470788245557249
1247200980145332225
342209465
128040422
288495993
1549536842
1052345026670448642
817050664467623937
124158244
1739113494
16751582
736643921829367809
2586514872
526057824
1085632293530591232
1240088013176266754
269022071
910461535
1310671363
1068154770597208065
2215191884
201332181
501845170
210056302
777860229849575424
1316509001253752832
467928250
1095408132895981569
1051878806
1257730207097729024
71230399
988260680129241089
403865883
1044988771
977304373452668928
901958464393621504
4787501461
455445452
26424340
1203158833633341442
455904453
1170326990089588736
1074857386182131714
28683057
1144318087866540032
215532600
571024226
301884490
854648278423568384
2848597823
890775612687867904
2835455041
730080474303848448
36165891
2873816104
1244274818
1267622303946420224
137759637
1265846979789312011
982855698928275456
216862217
51656916
1446214650765381640
579487819
234894006
67763905
2933224073
1420543004910096386
61425530
1029521935
922650486951493632
1195734193092718593
806500062838870017
31478255
160797915
566503364
2917980685
856052981032255488
1439641284457664525
2812506699
1146910167876939776
572179618
880556561730609153
2257923222
34046917
728896474067566592
1099110153901752327
808351358055313409
20559463
545584232
1018138676
3342892245
2654486963
12958582
85157123
139864120
26410955
1014897832703217664
3793994073
47760929
960946764126695424
1357272949
60698880
1109180827
17642448
728658067299012609
1231607191297306630
492410345
365842040
64756008
909534742109810688
328281725
18004977
1495575992848596997
1468355888
3252077002
382619896
330094810
194703985
53965137
1397717122889904128
2813578140
190038605
958546759
1173828775
1021769828833681408
1382833610609295361
1391242274047107075
61686396
474656235
984185439593480192
815737043921702912
1165425478301310979
121311670
16424579
278746172
273324355
900895135
1389209932503785481
1115500069342470144
1167843938599952384
211998385
1705993957
14128678
2385778184
538728275
1345540804627070978
331203022
1264286472485519360
64422872
1222883090
51230826
3497229613
570148659
70486502
818154242477277186
